1,1,0
2,2,0
3,3,0
4,4,0
5,5,0
6,6,0
7,7,0
8,8,0
9,9,0
10,10,0
11,11,0
12,12,0
13,13,0
14,14,0
15,15,0
16,16,0
17,17,0
18,18,0
19,19,0
20,20,0
21,21,0
22,22,0
23,23,0
24,24,0
25,25,0
26,26,0
27,27,0
28,28,0
29,29,0
30,30,0
31,31,0
32,32,0
33,33,0
34,34,0
35,35,0
36,36,0
37,37,0
38,38,0
39,39,0
40,40,0
41,41,0
42,42,0
43,43,0
44,44,0
45,45,0
46,46,0
47,47,0
48,48,0
49,49,0
50,50,0
51,51,738
52,52,988
53,53,727
54,54,691
55,55,837
56,56,647
57,57,727
58,58,900
59,59,870
60,60,1208
61,61,815
62,62,724
63,63,881
64,64,702
65,65,826
66,66,1010
67,67,958
68,68,1153
69,69,925
70,70,922
71,71,1156
72,72,900
73,73,1079
74,74,1274
75,75,1090
76,76,1252
77,77,1057
78,78,1032
79,79,1233
80,80,1109
81,81,1200
82,82,1252
83,83,1354
84,84,1571
85,85,1409
86,86,1318
87,87,1552
88,88,1494
89,89,1618
90,90,1758
91,91,1772
92,92,1890
93,93,1332
94,94,1307
95,95,1387
96,96,1230
97,97,1266
98,98,1505
99,99,1376
100,100,1934
101,101,1332
102,102,1329
103,103,1420
104,104,1208
105,105,1299
106,106,1384
107,107,1354
108,108,1659
109,109,1409
110,110,1428
111,111,1486
112,112,1340
113,113,1365
114,114,1615
115,115,1619
116,116,1812
117,117,1510
118,118,1477
119,119,1722
120,120,1509
121,121,1587
122,122,1783
123,123,1735
124,124,1821
125,125,1628
126,126,1448
127,127,1783
128,128,1498
129,129,1734
130,130,1705
131,131,1670
132,132,1945
133,133,1539
134,134,1491
135,135,1810
136,136,1416
137,137,1538
138,138,1638
139,139,1605
140,140,1808
141,141,1537
142,142,1448
143,143,1655
144,144,1444
145,145,1635
146,146,1577
147,147,1584
148,148,1725
149,149,1542
150,150,1477
151,151,1630
152,152,1452
153,153,1542
154,154,1727
155,155,1627
156,156,1872
157,157,1529
158,158,1630
159,159,1797
160,160,1624
161,161,1711
162,162,1943
163,163,1875
164,164,2141
165,165,1757
166,166,1871
167,167,1891
168,168,1908
169,169,1776
170,170,2143
171,171,2001
172,172,2143
173,173,1957
174,174,2143
175,175,2181
176,176,2147
177,177,2146
178,178,2368
179,179,2303
180,180,2569
181,181,2083
182,182,2140
183,183,2150
184,184,2037
185,185,2108
186,186,2338
187,187,2223
188,188,2462
189,189,2299
190,190,2232
191,191,2234
192,192,1989
193,193,2075
194,194,2147
195,195,2146
196,196,2338
197,197,2109
198,198,2128
199,199,2340
200,200,1975
201,201,2093
202,202,2207
203,203,2133
204,204,2312
205,205,2026
206,206,2094
207,207,2168
208,208,1969
209,209,2087
210,210,2151
211,211,2151
212,212,2379
213,213,2233
214,214,2121
215,215,2248
216,216,2069
217,217,2104
218,218,2182
219,219,2172
220,220,2330
221,221,2109
222,222,2100
223,223,2132
224,224,1912
225,225,2001
226,226,2277
227,227,2124
228,228,2397
229,229,2096
230,230,2011
231,231,2152
232,232,2010
233,233,2054
234,234,2305
235,235,2126
236,236,2406
237,237,2126
238,238,2168
239,239,2228
240,240,1994
241,241,2095
242,242,2175
243,243,2083
244,244,2374
245,245,2130
246,246,2077
247,247,2215
248,248,2075
249,249,2245
250,250,2335
251,251,2300
252,252,2509
253,253,2243
254,254,2156
255,255,2355
256,256,2197
257,257,2402
258,258,2370
259,259,2371
260,260,2507
261,261,2237
262,262,2160
263,263,2215
264,264,1977
265,265,2098
266,266,2238
267,267,2171
268,268,2401
269,269,2084
270,270,1932
271,271,2101
272,272,1928
273,273,1964
274,274,2127
275,275,2113
276,276,2299
277,277,2089
278,278,2066
279,279,2156
280,280,2066
281,281,2072
282,282,2105
283,283,2017
284,284,2198
285,285,1946
286,286,1924
287,287,1974
288,288,1808
289,289,1860
290,290,2029
291,291,2017
292,292,2294
293,293,1956
294,294,1955
295,295,1967
296,296,1819
297,297,1921
298,298,2021
299,299,2011
300,300,2216
301,301,2053
302,302,1945
303,303,2049
304,304,1889
305,305,1897
306,306,2094
307,307,2104
308,308,2302
309,309,2035
310,310,2046
311,311,2131
312,312,1903
313,313,1929
314,314,2063
315,315,1973
316,316,2192
317,317,1982
318,318,1980
319,319,2053
320,320,2015
321,321,2019
322,322,2116
323,323,2117
324,324,2307
325,325,1993
326,326,1958
327,327,1994
328,328,1860
329,329,1945
330,330,2003
331,331,2001
332,332,2144
333,333,1987
334,334,1923
335,335,2151
336,336,1866
337,337,2079
338,338,2140
339,339,2171
340,340,2345
341,341,2153
342,342,2169
343,343,2275
344,344,2084
345,345,2203
346,346,2195
347,347,2236
348,348,2378
349,349,2121
350,350,2132
351,351,2304
352,352,2223
353,353,2203
354,354,2405
355,355,2365
356,356,2560
357,357,2237
358,358,2189
359,359,2298
360,360,2120
361,361,2203
362,362,2323
363,363,2265
364,364,2537
365,365,2317
366,366,2376
367,367,2520
368,368,2334
369,369,2395
370,370,2559
371,371,2465
372,372,2736
373,373,2340
374,374,2462
375,375,2473
376,376,2322
377,377,2339
378,378,2429
379,379,2483
380,380,2615
381,381,2464
382,382,2362
383,383,2495
384,384,2293
385,385,2373
386,386,2448
387,387,2396
388,388,2640
389,389,2373
390,390,2334
391,391,2460
392,392,2267
393,393,2350
394,394,2583
395,395,2524
396,396,2804
397,397,2509
398,398,2621
399,399,2709
400,400,2636
401,401,2722
402,402,2803
403,403,2809
404,404,3003
405,405,2816
406,406,2741
407,407,2913
408,408,2674
409,409,2750
410,410,2946
411,411,2872
412,412,3029
413,413,2752
414,414,2638
415,415,2852
416,416,2628
417,417,2580
418,418,2714
419,419,2672
420,420,2977
421,421,2710
422,422,2688
423,423,2773
424,424,2691
425,425,2933
